# Muv	log10_phi_max	log10_phi_dust	log10_phi_nodust
-25.000	-11.339	-36.214	-20.906
-24.900	-11.089	-34.607	-20.487
-24.800	-10.839	-33.091	-20.117
-24.700	-10.602	-31.768	-19.762
-24.600	-10.366	-30.481	-19.408
-24.500	-10.134	-29.227	-19.073
-24.400	-9.911	-28.168	-18.754
-24.300	-9.687	-27.139	-18.436
-24.200	-9.474	-26.174	-18.126
-24.100	-9.262	-25.308	-17.854
-24.000	-9.054	-24.508	-17.581
-23.900	-8.853	-23.752	-17.309
-23.800	-8.651	-23.018	-17.050
-23.700	-8.459	-22.374	-16.804
-23.600	-8.268	-21.765	-16.558
-23.500	-8.080	-21.192	-16.312
-23.400	-7.898	-20.648	-16.088
-23.300	-7.716	-20.130	-15.872
-23.200	-7.542	-19.669	-15.656
-23.100	-7.369	-19.209	-15.440
-23.000	-7.198	-18.788	-15.240
-22.900	-7.033	-18.374	-15.046
-22.800	-6.868	-17.976	-14.852
-22.700	-6.709	-17.622	-14.658
-22.600	-6.551	-17.268	-14.470
-22.500	-6.396	-16.929	-14.288
-22.400	-6.245	-16.609	-14.106
-22.300	-6.094	-16.290	-13.924
-22.200	-5.949	-15.990	-13.744
-22.100	-5.805	-15.710	-13.577
-22.000	-5.663	-15.429	-13.409
-21.900	-5.524	-15.161	-13.242
-21.800	-5.386	-14.909	-13.074
-21.700	-5.252	-14.657	-12.909
-21.600	-5.120	-14.408	-12.745
-21.500	-4.989	-14.171	-12.580
-21.400	-4.862	-13.935	-12.416
-21.300	-4.734	-13.699	-12.258
-21.200	-4.611	-13.478	-12.108
-21.100	-4.489	-13.260	-11.958
-21.000	-4.368	-13.043	-11.808
-20.900	-4.250	-12.827	-11.659
-20.800	-4.132	-12.614	-11.514
-20.700	-4.018	-12.400	-11.370
-20.600	-3.905	-12.189	-11.226
-20.500	-3.792	-11.994	-11.082
-20.400	-3.683	-11.800	-10.942
-20.300	-3.573	-11.605	-10.803
-20.200	-3.467	-11.416	-10.665
-20.100	-3.362	-11.229	-10.526
-20.000	-3.257	-11.041	-10.390
-19.900	-3.155	-10.857	-10.257
-19.800	-3.053	-10.678	-10.125
-19.700	-2.953	-10.499	-9.992
-19.600	-2.855	-10.321	-9.860
-19.500	-2.757	-10.155	-9.733
-19.400	-2.661	-9.989	-9.605
-19.300	-2.565	-9.822	-9.478
-19.200	-2.472	-9.669	-9.350
-19.100	-2.379	-9.519	-9.228
-19.000	-2.288	-9.368	-9.106
-18.900	-2.198	-9.222	-8.983
-18.800	-2.107	-9.084	-8.861
-18.700	-2.020	-8.945	-8.745
-18.600	-1.932	-8.807	-8.630
-18.500	-1.846	-8.678	-8.515
-18.400	-1.761	-8.552	-8.401
-18.300	-1.676	-8.426	-8.286
-18.200	-1.592	-8.300	-8.171
-18.100	-1.510	-8.177	-8.056
-18.000	-1.428	-8.054	-7.941
-17.900	-1.347	-7.930	-7.828
-17.800	-1.267	-7.809	-7.716
-17.700	-1.188	-7.691	-7.604
-17.600	-1.109	-7.574	-7.493
-17.500	-1.032	-7.456	-7.385
-17.400	-0.955	-7.345	-7.280
-17.300	-0.878	-7.235	-7.175
-17.200	-0.803	-7.126	-7.070
-17.100	-0.728	-7.016	-6.966
-17.000	-0.654	-6.910	-6.863
-16.900	-0.581	-6.804	-6.760
-16.800	-0.508	-6.698	-6.657
-16.700	-0.436	-6.593	-6.556
-16.600	-0.365	-6.490	-6.456
-16.500	-0.308	-6.388	-6.356
-16.400	-0.276	-6.285	-6.255
-16.300	-0.244	-6.183	-6.155
-16.200	nan	-6.081	-6.055
-16.100	nan	-5.979	-5.955
-16.000	nan	-5.878	-5.857
-15.900	nan	-5.784	-5.766
-15.800	nan	-5.692	-5.674
-15.700	nan	-5.599	-5.582
-15.600	nan	-5.506	-5.489
-15.500	nan	-5.411	-5.395
-15.400	nan	-5.316	-5.302
-15.300	nan	-5.221	-5.208
-15.200	nan	-5.128	-5.115
-15.100	nan	-5.035	-5.023
-15.000	nan	-4.942	-4.930
-14.900	nan	-4.850	-4.841
-14.800	nan	-4.765	-4.757
-14.700	nan	-4.681	-4.672
-14.600	nan	-4.596	-4.588
-14.500	nan	-4.506	-4.497
-14.400	nan	-4.413	-4.404
-14.300	nan	-4.319	-4.311
-14.200	nan	-4.226	-4.218
-14.100	nan	-4.131	-4.124
-14.000	nan	-4.037	-4.030
-13.900	nan	-3.944	-3.939
-13.800	nan	-3.872	-3.868
-13.700	nan	-3.801	-3.796
-13.600	nan	-3.729	-3.725
-13.500	nan	-3.667	-3.664
-13.400	nan	-3.611	-3.608
-13.300	nan	-3.556	-3.553
-13.200	nan	-3.500	-3.497
-13.100	nan	-3.445	-3.442
-13.000	nan	-3.390	-3.387
-12.900	nan	-3.334	-3.332
-12.800	nan	-3.279	-3.277
-12.700	nan	-3.207	-3.203
-12.600	nan	-3.112	-3.108
-12.500	nan	-3.017	-3.012
-12.400	nan	-2.922	-2.918
-12.300	nan	-2.840	-2.836
-12.200	nan	-2.757	-2.754
-12.100	nan	-2.675	-2.672
